"vector"
2.37189655086436e-17
0.0849307194659143
0.695708346842741
0.646199789771747
0.562143006689499
0.074537289713326
0.257084750195801
0.0839398998318375
0.0254592505879358
0.261381859326308
0.207753905171573
0.171157500301611
0.119484674441127
0.287193472268908
0.303995247105382
0.00149560091131807
0.315715995978842
0.556395200875818
0.54444603022484
0.790517913281315
0.808263481125492
0.169327768896466
0.416818024716446
0.0484081242321775
0.142185145042417
0.0756268828953705
0.319458553215898
0.532032672023533
0.550062784813086
0.560848243715098
0.0936188166147492
0.851990578412292
0.316888457336321
0.00842174871748998
0.00509334614239841
0.32097028256347
0.111249715464955
0.338185263667435
0.0682001469966176
0.173310233207502
0.120190745833473
0.140046908385699
2.83992545583525e-05
0.475342146523405
0.119701639241791
0.15603702902174
0.0563264750511744
0.394009740531155
0.733701985005963
0.210990396121549
0.562197641383075
0.219896447710844
0.109859400962627
0.40882226646587
0.363372540816188
0.087734366177375
0.371859724667054
0.218923274106034
0.176073016912816
0.0440521358489184
0.229306406971727
0.230650683521351
0.0426113776730748
0.0304424091726517
0.431646695962527
0.651982391460629
0.23208858934407
0.771386053798764
0.345629232767433
0.772933060031928
0.11829749577236
0.546701925599173
0.584170548297034
0.268918022112902
0.438251871856416
0.256180477642375
0.167316541090816
0.31359280330783
0.200305550514505
0.0557737613247598
0.00684135606163677
0.000381383994566082
0.149870999073118
0.14149151915359
0.00507180255278703
0.020084972606004
0.00764898823561716
0.0187171284610343
0.0426113776730748
0.0207430677322773
0.218158506708238
0.405447920296363
0.00224860168662074
0.0279789960078424
0.0865695101573884
0.480368725871358
0.00809680455830798
0.0935398172552296
0.00191543710826118
0.205841787791627
0.196620644933612
0.372590308328113
0.199754118404762
0.114968058249132
0.147876935832188
1
0.0308856170218488
0.337776893704632
0.0794394999146785
0.179119543580821
0.0739160296717763
0.157906360152737
0.091875077131904
0.00206517270015041
0.063353856054955
0.152225936717482
0.0450446914206292
0.200007721198055
0.495512321144326
0.254336878674852
0.0595972787672409
0.212796154695443
0.364778239852555
0.417357211286621
0.250026526938015
0.373685141271207
0.0365096617001488
0.00454170386163465
0.0722252932728752
0.0195787150189581
0.0257231067170483
0.0802453118709696
0.83790883868445
0.00374420259793882
0.142765712199902
0.0541303468516741
0.838455354954583
0.19536488639287
0.0241219538798615
0.236883814516378
0.0416686626020432
0.030197295906827
0.388463292742876
0.279107125124876
