"x"
0
3.34465374155777
37.6181136266311
6.79545641411129
12.5029134358146
0
22.0932158841517
11.1517952454334
0
104.715273331137
84.512900567048
33.4028158987909
6.67268271996532
34.5334538426103
24.9951070938603
0
53.0433720335597
1110.04074770996
19.5985911953122
69.9230702570246
72.9234081943395
24.2515735187277
585.328407105506
66.4835749682077
33.8254066640498
0.458333333333333
97.3129702678821
18.8585177166326
13.1172997573593
10.0724066969029
18.1074655575306
274.125346328412
856.414580763591
3.75
280
34.7467308127216
48.2099593548162
320.455216459423
25.0559476639461
37.5340768818103
11.6352830460247
58.7108194949087
0
352.88135627829
37.942447984592
1.7785865714745
1.5984126984127
280.540993121612
968.378246541756
15.0045611089651
111.26377922642
520.515407457527
0
187.887939208037
0
12.9204036159919
100.133764450674
26.2758091918838
44.4068974703984
6.30905283501191
135.85390231621
7.76905121022768
0
0
114.214661309032
103.310100823154
56.1982064757936
192.230854019321
180.409836986201
101.571298200238
27.0763329352107
3.98498313819723
584.032526953103
12.1528924550196
516.856528467783
188.766806955605
115.788828848373
101.944576697146
83.1032984019618
7.8064929222824
0
141
167.942684243227
17.319426372173
0.533333333333333
349.070997591932
37.1083094761164
1.03333333333333
0
0.7
89.9422416966764
912.899072672434
0
0
35.9155796907118
758.793295552537
11.023088023088
4.08249368855713
0
83.8580483691487
157.963958948044
115.141851385892
103.567378491616
18.9932356405668
35.5510823551263
1942.19450093353
9.21685516174647
96.6210766018756
18.4757331919288
67.1192652153439
20.9957645895567
207.702166577583
268.226349086301
0
2.36443677334957
221.594978543716
25.7045508038575
20.0510464859853
202.417388967544
7.2758191984501
513.513887809584
162.581685477054
219.226856318357
115.5479344417
479.628600062407
49.105307717519
221.345253237569
0
96.3565170467024
52.8852412917019
408.326448862905
1.20846375846376
478.037379753828
0
336.442037964529
0
117.516744970442
87.632853138838
0
29.0196247552486
0.870634920634921
635.24212605796
67.005754682277
19.8769802779978
