17 1 0.15 0.83
72 1 0.73 0.73
3 2 0.17 0.98
19 2 0.68 0.31
20 2 0.33 0.18
27 2 0.8 0.88
29 2 0.32 0.44
31 2 0.74 0.17
48 2 0.73 0.11
65 2 0.25 0.1
67 2 0.29 0.29
69 2 0.23 0.77
71 2 0.58 0.35
132 2 0.7 0.04
136 2 0.37 0.93
4 3 0.4 0.58
19 3 0.92 0.67
20 3 0.44 0.81
28 3 0.91 0.24
31 3 0.6 0.08
65 3 0.93 0.63
67 3 0.02 0.87
69 3 0.63 0.57
71 3 0.94 0.43
132 3 0.78 0.17
136 3 0.18 0.47
19 4 0.02 0.54
20 4 0.25 0.84
27 4 0.21 0.72
29 4 0.77 0.3
31 4 0.82 0.03
54 4 0.12 0.92
69 4 0.87 0.55
71 4 0.76 0.19
132 4 0.8 0.85
136 4 0.28 0.75
22 5 0.53 0.35
72 5 0.92 0.47
9 6 0.69 0.04
13 6 0.52 0.81
16 6 0.38 0.37
26 6 0.13 0.01
47 6 0.55 0.6
49 6 0.25 0.45
64 6 0.24 0.05
66 6 0.51 0.94
105 6 0.15 0.62
11 7 0.19 0.27
12 7 0.88 0.67
24 7 0.49 0.07
74 7 0.73 0.88
75 7 0.85 0.73
112 8 0.37 0.63
124 8 0.61 0.6
13 9 0.99 0.63
47 9 0.29 0.99
49 9 0.83 0.58
51 9 0.77 0.83
56 9 0.85 0.81
66 9 0.08 0.21
74 9 0.03 0.41
75 9 0.94 0.21
78 9 0.54 0.9
91 9 0.53 0.05
139 9 0.36 0.49
17 10 0.78 0.1
21 10 0.75 0.29
37 10 0.47 0.89
53 10 0.02 0.78
70 10 0.83 0.24
72 10 0.66 0.6
122 10 0.09 0.86
124 10 0.67 0.46
12 11 0.98 0.21
17 11 0.57 0.66
32 11 0.32 0.14
37 11 0.15 0.52
74 11 0.4 0.33
124 11 0.53 0.45
137 11 0.16 0.97
32 12 0.69 0.91
37 12 0.33 0.71
74 12 0.2 0.84
75 12 0.16 0.74
26 13 0.23 0.5
32 13 0.48 0.13
47 13 0.45 0.35
49 13 0.44 0.94
56 13 0.45 0.14
66 13 0.78 0.87
75 13 0.08 1
105 13 0.95 0.65
139 13 0.41 0.45
16 14 0.83 0.42
22 14 0.92 0.28
26 14 0.95 0.69
50 14 0.26 0.11
64 14 0.87 0.26
68 14 0.96 0.62
72 14 0.29 0.78
73 14 0.12 0.22
132 14 0.78 0.82
85 15 0.92 0.99
26 16 0.54 0.18
47 16 0.93 0.13
50 16 0.08 0.5
64 16 0.59 0.53
73 16 0.41 0.66
105 16 0.43 0.32
107 16 0.41 0.8
122 16 0.97 0.1
21 17 0.02 0.03
24 17 0.11 0.7
25 17 0.11 0.52
32 17 0.8 0.88
36 17 0.82 0.6
37 17 0.48 0.26
39 17 0.5 0.12
40 17 1 0.91
41 17 0.23 0.34
43 17 0.91 0.56
48 17 0.13 0.84
55 17 0.57 0.67
58 17 1 0.79
60 17 0.93 0.61
61 17 0.81 0.46
70 17 0.59 0.07
76 17 0.08 0.43
82 17 0.95 0.53
95 17 0.73 0.87
101 17 0.48 0.78
104 17 0.02 0.45
105 17 0.14 0.3
115 17 0.03 0.82
121 17 0.7 0.22
122 17 0.12 0.98
124 17 0.38 0.44
128 17 0.94 0.86
19 18 0.37 0.06
20 18 0.06 0.93
27 18 0.69 0.59
29 18 0.79 0.01
31 18 0.3 0.63
48 18 0.46 0.92
65 18 0.3 0.33
67 18 0.74 0.12
69 18 0.42 0.34
132 18 0.26 0.94
20 19 0.45 0.74
27 19 0.44 0.53
28 19 0.16 0.36
29 19 0.56 0.29
31 19 0.97 0.42
48 19 0.93 0.3
54 19 0.5 0.29
67 19 0.93 0.42
69 19 0.93 0.44
71 19 0.23 0.62
132 19 0.98 0.85
136 19 0.44 0.63
27 20 0.7 0.58
28 20 0.71 0.75
29 20 0.55 0.91
31 20 0.58 0.73
54 20 0.72 0.56
65 20 0.28 0.25
67 20 0.53 0.82
69 20 0.69 0.98
71 20 0.28 0.1
107 20 0.32 0.47
132 20 0.63 0.98
136 20 0.9 0.86
70 21 0.17 0.87
83 21 0.33 0.25
105 21 0.63 0.28
124 21 0.18 0.14
31 22 0.03 0.46
38 22 0.32 0.66
48 22 0.93 0.09
50 22 0.75 0.05
64 22 0.4 0.42
68 22 0.35 0.44
72 22 0.85 0.85
91 22 0.11 0.67
105 22 0.07 0.01
111 22 0.11 0.32
126 22 0.99 0.39
140 22 0.72 0.26
33 23 0.08 0.64
87 23 0.17 0.78
91 23 0.54 0.27
111 23 0.17 0.71
120 23 0.94 0.5
25 24 0.71 0.57
39 24 0.56 0.5
58 24 0.42 0.44
60 24 0.98 0.21
122 24 0.43 0.04
124 24 0.6 0.79
55 25 0.33 0.64
60 25 0.38 0.14
47 26 0.05 0.05
51 26 0.83 0.92
64 26 0.76 0.76
74 26 0.13 0.02
91 26 0.04 0.3
105 26 0.31 0.17
139 26 0.5 0.87
31 27 0.37 0.78
48 27 0.86 0.52
69 27 0.92 0.81
71 27 0.93 0.49
136 27 0.91 0.59
31 28 0.3 0.65
65 28 0.58 0.88
67 28 0.94 0.46
69 28 0.34 0.34
123 28 0.29 0.28
132 28 0.6 0.4
136 28 0.92 0.84
54 29 0.19 0.32
67 29 0.57 0.73
69 29 0.87 0.06
71 29 0.28 0.67
132 29 0.17 0.29
136 29 0.11 0.06
38 30 0.75 0.85
44 30 0.57 0.14
65 30 0.72 0.25
123 30 0.6 0.48
48 31 0.96 0.97
50 31 0.05 0.22
65 31 0.35 0.32
67 31 0.15 0.47
69 31 0.69 0.61
72 31 0.8 0.51
132 31 1 0.49
134 31 0.28 0.57
136 31 0.79 0.7
37 32 0.9 1
40 32 0.14 0.98
43 32 0.45 0.33
49 32 0.77 0.75
55 32 0.77 0.32
56 32 0.02 0.68
66 32 0.24 0.52
74 32 0.29 0.29
75 32 0.39 0.87
103 32 0.72 0.72
124 32 0.1 0.55
137 32 0.25 0.75
141 32 0.3 0.09
34 33 0.58 0.06
120 33 0.47 0.97
81 34 0.14 0.04
120 34 0.72 0.03
43 35 0.44 0.71
50 35 0.11 0.57
53 35 0.77 0.01
76 35 0.41 0.79
77 35 0.48 0.52
105 35 0.78 0.35
107 35 0.12 0.07
119 35 0.51 0.66
123 35 0.15 0.52
125 35 0.31 0.71
37 36 0.36 0.29
39 36 0.7 0.93
58 36 0.02 0.89
60 36 0.88 0.82
89 36 0.12 0.01
40 37 0.14 0.75
56 37 0.41 0.06
72 37 0.81 0.9
74 37 0.96 0.2
100 37 0.12 0.6
105 37 0.44 0.93
115 37 0.2 0.12
137 37 0.43 0.58
91 38 0.6 0.04
40 39 0.68 0.12
41 39 0.9 0.78
48 39 0.65 0.15
58 39 0.24 0.92
60 39 0.25 0.68
70 39 0.42 0.42
60 40 0.22 0.17
59 41 0.24 0.23
60 41 0.36 0.79
104 41 0.58 0.02
115 41 0.24 0.56
121 41 0.01 0.87
122 41 0.37 0.67
81 42 0.75 0.45
52 43 0.18 0.51
53 43 0.67 0.22
61 43 0.89 0.18
77 43 0.7 0.69
90 43 0.37 0.39
91 43 0.58 0.18
95 43 0.15 0.6
99 43 0.75 0.62
100 43 0.01 0.29
101 43 0.3 0.58
103 43 0.32 0.13
105 43 0.52 0.52
109 43 0.8 0.89
117 43 0.54 0.44
122 43 0.86 0.85
142 43 0.86 0.96
77 44 1 0.4
78 44 0.07 0.27
105 44 0.18 0.19
68 45 0.11 0.87
105 45 0.92 0.9
118 45 0.03 0.23
119 45 0.53 0.02
95 46 0.62 0.54
100 46 0.83 0.45
108 46 0.38 0.65
49 47 0.83 0.59
51 47 0.03 0.85
56 47 0.81 0.99
66 47 0.73 0.08
67 47 0.69 0.8
77 47 0.62 0.45
90 47 0.75 0.34
105 47 0.64 0.19
131 47 0.48 0.03
137 47 0.62 0.01
139 47 0.76 0.89
58 48 0.72 0.01
60 48 0.63 0.25
69 48 0.24 0.86
72 48 0.92 0.64
74 48 0.52 0.15
90 48 0.39 0.37
91 48 0.51 0.73
99 48 0.55 0.7
101 48 0.1 0.81
121 48 0.42 0.3
132 48 0.4 0.73
136 48 0.14 0.33
51 49 0.01 0.85
56 49 0.09 0.63
66 49 0.36 0.73
75 49 0.03 0.42
139 49 0.2 0.03
53 50 0.97 0.81
64 50 0.38 0.14
65 50 0.96 0.81
68 50 0.88 0.01
72 50 0.33 0.48
105 50 0.84 0.36
107 50 0.79 1
118 50 0.9 0.52
123 50 0.25 0.58
142 50 0.12 0.99
143 50 0.62 0.63
66 51 0.44 1
75 51 0.17 0.95
94 51 0.54 0.92
112 51 0.04 0.38
130 51 0.84 0.7
132 51 0.45 0.88
139 51 0.73 0.01
105 52 0.86 0.31
57 53 0.86 0.29
63 53 0.71 0.37
64 53 0.71 0.53
77 53 0.07 0.42
105 53 0.54 0.49
118 53 0.12 0.56
119 53 0.04 0.15
123 53 0.35 0.14
125 53 0.97 0.76
142 53 0.82 0.25
69 54 0.4 0.24
71 54 0.37 0.03
136 54 0.48 0.11
60 55 0.1 0.11
66 56 0.43 0.52
74 56 0.12 0.95
75 56 0.78 0.32
90 56 0.64 0.58
95 56 0.08 0.39
105 56 0.58 0.36
122 56 0.54 0.94
137 56 0.03 0.67
74 57 0.19 0.06
95 57 0.62 0.3
102 57 0.22 0.01
105 57 0.85 0.48
117 57 0.93 0.75
121 57 0.49 0.98
60 58 0.06 0.92
70 58 0.37 0.09
104 58 0.67 0.12
115 58 0.43 0.22
75 59 0.03 0.28
137 59 0.73 0.21
104 60 0.83 0.94
115 60 0.64 0.62
121 60 0.11 0.2
124 60 0.91 0.55
95 61 0.53 0.44
101 61 0.26 0.95
105 61 0.37 0.58
121 61 0.33 0.81
95 62 0.81 0.68
112 62 0.71 0.65
73 64 0.46 0.62
74 64 0.38 0.47
105 64 0.71 0.49
132 64 0.87 0.09
142 64 0.63 0.49
143 64 0.43 0.67
67 65 1 0.71
73 65 0.92 0.52
118 65 0.54 0.87
123 65 0.97 0.06
125 65 0.22 0.88
132 65 0.51 0.62
136 65 0.04 0.59
95 66 0.76 0.33
131 66 0.33 0.61
139 66 0.62 0.29
69 67 0.32 0.2
71 67 0.24 0.29
118 67 0.29 0.11
125 67 0.12 0.62
132 67 0.93 0.81
136 67 0.34 0.81
72 68 0.75 0.98
91 68 0.03 0.86
105 68 0.32 0.79
123 68 0.23 0.59
125 68 0.91 0.76
134 68 0.29 0.73
143 68 0.27 0.81
71 69 0.21 0.62
72 69 0.71 0.93
136 69 0.78 0.51
79 70 0.4 0.37
124 70 0.02 0.74
136 71 0.44 0.52
105 72 0.03 0.06
132 72 0.24 0.33
134 72 0.9 0.95
135 72 0.1 0.52
136 72 0.37 0.51
143 72 0.57 0.98
123 73 0.49 0.62
125 73 0.76 0.68
132 73 0.05 0.49
143 73 0.37 0.29
75 74 0.43 0.37
94 74 0.68 0.76
105 74 0.38 0.83
108 74 0.6 0.95
114 74 0.47 0.65
132 74 0.81 0.99
137 74 0.63 0.76
95 75 0.66 0.73
97 75 0.72 0.29
131 75 0.57 0.47
137 75 0.05 0.93
139 75 0.41 0.16
89 76 0.4 0.59
100 76 0.03 0.18
105 76 0.92 0.48
115 76 0.86 0.65
82 77 0.86 0.04
99 77 0.54 0.86
100 77 0.24 0.78
101 77 0.63 0.76
105 77 0.6 0.3
109 77 0.41 0.67
142 77 0.88 0.45
91 78 0.62 0.97
105 78 0.48 0.53
111 78 0.44 0.59
118 78 0.4 0.47
124 78 0.22 0.62
90 79 0.69 0.29
102 79 0.55 0.88
121 79 0.35 0.4
112 80 0.35 0.13
91 82 0.95 0.72
95 82 1 0.05
115 82 0.95 0.79
116 82 0.8 0.19
120 82 1 0.33
90 83 0.21 0.85
104 83 0.38 0.01
105 83 0.86 0.73
122 83 0.89 0.72
86 84 0.27 0.58
127 84 0.85 0.07
130 84 0.63 0.87
141 84 0.54 0.64
86 85 0.31 0.65
113 85 0.54 0.75
126 85 0.65 0.94
129 85 0.92 0.71
130 85 0.41 0.33
133 85 0.03 0.32
134 85 0.04 1
141 85 0.4 0.95
113 86 0.84 0.65
129 86 0.73 0.22
130 86 0.15 0.27
141 86 0.48 0.35
111 87 0.91 0.43
116 87 0.8 0.76
95 88 0.1 0.01
112 88 0.85 0.46
99 90 0.62 0.94
101 90 0.11 0.3
109 90 0.42 0.59
105 91 0.82 0.85
107 91 0.54 0.87
111 91 0.17 0.96
116 91 0.27 0.47
120 91 0.94 0.28
122 91 0.27 0.24
128 91 0.94 0.13
142 91 0.09 0.93
141 92 0.9 0.72
100 93 0.08 0.97
109 93 0.68 0.8
102 94 0.09 0.84
112 94 0.21 0.1
121 94 0.34 0.85
100 95 0.46 0.42
101 95 0.75 0.59
102 95 0.13 1
105 95 0.62 0.35
108 95 0.44 0.89
109 95 0.51 0.48
112 95 0.55 0.24
117 95 0.97 0.77
118 95 0.81 0.03
122 95 0.77 0.57
124 95 0.49 0.95
142 95 0.93 0.64
126 96 0.83 0.12
128 96 0.41 0.42
105 97 0.15 0.4
130 98 0.53 0.25
101 99 0.99 0.69
104 99 0.02 0.6
109 99 0.64 0.99
110 99 0.86 0.23
124 99 0.83 0.94
109 100 0.75 0.52
115 100 0.7 0.38
117 100 0.97 0.2
124 100 0.74 0.43
103 101 0.63 0.62
105 101 0.39 0.53
109 101 0.65 0.25
118 101 0.18 0.97
105 102 0.9 0.04
114 102 0.22 0.54
117 102 0.95 0.69
121 102 0.96 0.01
122 102 0.99 0.46
109 103 0.42 0.77
117 103 0.57 0.4
110 104 0.7 0.46
121 104 0.89 0.31
124 104 0.95 0.44
107 105 0.28 0.92
111 105 0.78 0.21
117 105 0.58 0.28
118 105 0.52 0.53
119 105 0.23 0.45
122 105 0.68 0.44
123 105 0.21 0.37
125 105 0.08 0.43
139 105 0.53 0.66
142 105 0.1 0.88
111 106 0.93 0.41
115 106 0.36 0.55
116 106 0.3 0.52
120 106 0.06 0.91
118 107 0.86 0.15
119 107 0.06 0.1
125 107 0.32 0.64
112 108 0.91 0.97
122 110 0.96 0.13
124 110 0.08 0.11
138 110 0.96 0.98
124 112 0.08 0.26
121 114 0.06 0.03
120 115 0.69 0.49
119 118 0.69 0.52
123 118 0.42 0.11
125 118 0.73 0.11
142 118 0.17 0.7
143 118 0.64 0.29
123 119 0.22 0.35
143 119 0.35 0.23
137 121 0.26 0.01
142 122 0.15 0.65
125 123 0.64 0.98
143 123 0.21 0.88
138 124 0.73 0.53
129 126 0.59 0.62
130 126 0.31 0.53
130 127 0.31 0.59
141 127 0.6 0.53
130 129 0.26 0.16
134 129 0.28 0.76
141 129 0.34 0.47
141 130 0.57 0.6
137 131 0.44 0.79
136 132 0.74 0.55
141 133 0.14 0.39
135 134 0.32 0.05
140 134 0.74 0.32
143 142 0.7 0.13
