1 2 0.91 0.2
1 3 0.72 0.05
2 3 0.18 0.71
1 4 0.26 0.04
3 4 0.97 0.84
1 5 0.54 0.3
2 5 0.76 0.6
1 6 0.39 0.32
2 6 0.31 0.87
3 6 0.62 0.92
3 7 0.24 0.82
5 7 0.14 0.72
6 7 0.48 1
3 8 0.94 0.37
4 8 0.02 0.05
6 8 0.52 0.07
7 8 0.96 0.98
2 9 0.59 0.73
5 9 0.12 0.5
6 9 0.42 0.49
2 10 0.76 0.42
9 10 0.67 0.73
6 11 0.37 0.89
7 11 0.5 0.56
8 11 0.99 0.39
9 11 0.34 0.42
10 11 0.67 0.5
1 12 0.67 0.16
6 12 0.73 0.58
7 12 0.66 0.42
8 12 0.31 0.35
11 12 0.96 0.43
6 13 0.89 0.4
7 13 0.39 0.5
9 13 0.56 0.82
10 13 0.72 0.35
11 13 0.86 0.31
5 14 0.25 0.26
8 14 0.35 0.63
12 14 0.55 0.74
13 14 0.94 0.55
1 15 0.25 0.66
2 15 1 0.8
5 15 0.41 0.13
9 15 0.94 0.61
10 15 0.31 0.57
11 15 0.66 0.16
12 15 0.39 0.59
13 15 0.45 0.55
1 16 0.66 0.18
2 16 0.64 0.99
5 16 0.71 0.26
6 16 0.55 0.42
11 16 0.5 0.77
12 16 0.49 0.99
13 16 0.05 0.6
14 16 0.42 0.05
15 16 0.46 0.56
