1 2 0.41 0.22
1 3 0.7 0.52
2 3 0.39 0.58
1 4 0.06 0.92
3 4 0.57 0.14
1 5 0.85 0.4
2 5 0.72 0.43
1 6 0.15 0.43
2 6 0.78 0.33
3 6 0.96 0.84
3 7 0.86 0.48
5 7 0.74 0.56
6 7 0.26 0.08
3 8 0.44 0.71
4 8 0.6 0.18
6 8 0.76 0.06
7 8 0.83 0.14
2 9 0.63 0.94
5 9 0.72 0.01
6 9 0.92 0.11
2 10 0.47 0.25
9 10 0.07 0.61
6 11 0.31 0.24
7 11 1 1
8 11 0.08 0.57
9 11 0.39 0.39
10 11 0.15 0.61
1 12 0.87 0.53
6 12 0.4 0.78
7 12 0.33 0.61
8 12 0.13 0.45
11 12 0.28 0.31
6 13 0.01 0.03
7 13 0.1 0.3
9 13 0.88 0.54
10 13 0.57 0.47
11 13 0.25 0.5
5 14 0.81 0.45
8 14 0.11 0.42
12 14 0.36 0.4
13 14 0.92 0.2
1 15 0.05 0.13
2 15 0.61 0.05
5 15 0.36 0.78
9 15 0.99 0.58
10 15 0.61 0.67
11 15 0.5 0.46
12 15 1 0.98
13 15 0.92 0.02
1 16 0.09 0.65
2 16 0.17 0.77
5 16 0.39 0.5
6 16 0.13 0.76
11 16 0.81 0.27
12 16 0.73 1
13 16 0.47 0.45
14 16 0.28 0.92
15 16 0.19 0.23
