1 2 0.33 0.7
1 3 0.18 0.82
2 3 0.46 0.18
1 4 0.3 0.93
3 4 0.25 0.44
1 5 0.07 0.32
2 5 0.67 0.86
1 6 0.21 0.61
2 6 0.59 0.37
3 6 0.08 0.5
3 7 0.35 0.47
5 7 0.87 0.59
6 7 0.8 0.13
3 8 0.83 0.81
4 8 0.79 0.61
6 8 0.14 0.33
7 8 0.3 0.4
2 9 0.15 0.28
5 9 0.77 0.09
6 9 0.25 0.6
2 10 0.19 0.68
9 10 0.83 0.59
6 11 0.58 0.31
7 11 0.12 0.43
8 11 0.35 1
9 11 0.9 0.87
10 11 0.2 0.98
1 12 0.2 0.4
6 12 0.93 0.42
7 12 0.52 0.63
8 12 0.97 0.5
11 12 0.63 0.48
6 13 0.79 0.9
7 13 0.61 0.82
9 13 0.74 0.07
10 13 0.79 0.4
11 13 0.53 0.52
5 14 0.12 0.87
8 14 0.37 0.11
12 14 0.51 0.7
13 14 0.51 0.94
1 15 0.48 0.87
2 15 0.26 0.66
5 15 0.33 0.77
9 15 0.35 0.67
10 15 0.88 0.34
11 15 0.85 0.53
12 15 0.4 0.66
13 15 0.83 0.56
1 16 0.93 0.56
2 16 0.01 0.04
5 16 0.78 0.81
6 16 0.32 0.97
11 16 0.2 0.26
12 16 0.92 0.12
13 16 0.17 0.77
14 16 0.55 0.58
15 16 0.17 0.23
