1 2 0.64 0.96
1 3 0.06 0.26
2 3 0.88 0.66
1 4 0.9 0.55
3 4 0.9 0.36
1 5 0.8 0.99
2 5 0.95 0.8
1 6 0.73 0.08
2 6 0.43 0.66
3 6 0.73 0.95
3 7 0.36 0.65
5 7 0.14 0.72
6 7 0.12 0.57
3 8 0.38 0.27
4 8 0.07 1
6 8 0.72 0.92
7 8 0.69 0.46
2 9 0.62 0.92
5 9 0.88 0.88
6 9 0.39 0.53
2 10 0.59 0.74
9 10 0.09 0.36
6 11 0.4 0.5
7 11 0.09 0.61
8 11 0.16 0.11
9 11 0.11 0.98
10 11 0.19 0.86
1 12 0.8 0.24
6 12 0.93 0.4
7 12 0.55 0.09
8 12 0.27 0.31
11 12 0.08 0.05
6 13 0.7 0.16
7 13 0.56 0.41
9 13 0.56 0.63
10 13 0.16 0.04
11 13 0.07 0.33
5 14 0.61 0.6
8 14 0.55 0.02
12 14 0.86 0.57
13 14 1 0.98
1 15 0.66 0.68
2 15 0.53 0.24
5 15 0.55 0.92
9 15 0.87 0.83
10 15 0.88 0.18
11 15 0.94 0.18
12 15 0.88 0.38
13 15 0.32 0.34
1 16 0.24 0.32
2 16 0.38 0.95
5 16 0.62 0.44
6 16 0.2 0.93
11 16 0.6 0.66
12 16 0.69 0.52
13 16 0.56 0.37
14 16 0.51 0.24
15 16 0.58 0.78
