1 2 0.39 0.05
1 3 0.14 0.14
2 3 0.58 0.75
1 4 0.97 0.63
3 4 0.77 0.64
1 5 0.5 0.26
2 5 0.71 0.97
1 6 0.23 0.75
2 6 0.15 0.33
3 6 0.19 0.16
3 7 0.46 0.56
5 7 0.54 0.24
6 7 0.44 0.27
3 8 0.6 0.7
4 8 0.64 0.31
6 8 0.39 0.58
7 8 0.93 0.53
2 9 0.4 0.24
5 9 0.46 0.65
6 9 0.55 0.63
2 10 0.85 0.98
9 10 0.04 0.05
6 11 0.77 0.15
7 11 0.17 0.67
8 11 0.74 0.11
9 11 0.52 0.83
10 11 0.25 0.53
1 12 0.85 0.11
6 12 0.33 0.39
7 12 0.31 0.94
8 12 0.17 0.72
11 12 0.84 0.9
6 13 0.19 0.49
7 13 0.52 0.85
9 13 0.14 0.14
10 13 0.27 0.28
11 13 0.25 0.29
5 14 0.39 0.24
8 14 0.62 0.62
12 14 0.58 0.05
13 14 0.96 0.31
1 15 0.76 0.16
2 15 0.36 0.28
5 15 0.71 0.23
9 15 0.77 0.83
10 15 0.06 0.07
11 15 0.69 0.34
12 15 0.3 0.56
13 15 0.74 0.64
1 16 0.42 0.82
2 16 0.92 0.58
5 16 0.51 0.17
6 16 0.18 0.67
11 16 0.61 1
12 16 0.84 0.33
13 16 0.96 0.44
14 16 0.22 0.52
15 16 0.32 0.86
