1 2 0.55 0.02
1 3 0.87 0.03
2 3 0.16 0.75
1 4 0.83 0.2
3 4 0.13 0.66
1 5 0.3 0.44
2 5 0.52 0.58
1 6 0.86 0.22
2 6 0.27 0.48
3 6 0.11 0.67
3 7 0.37 0.09
5 7 0.92 0.06
6 7 0.77 0.23
3 8 0.64 0.35
4 8 0.55 0.37
6 8 0.15 0.3
7 8 0.33 0.29
2 9 0.37 0.28
5 9 0.05 0.05
6 9 0.15 0.79
2 10 0.26 0.32
9 10 0.02 0.12
6 11 0.96 0.33
7 11 0.88 0.74
8 11 0.67 0.91
9 11 0.07 0.56
10 11 0.72 0.64
1 12 0.7 0.33
6 12 0.44 0.97
7 12 0.43 0.88
8 12 0.69 0.03
11 12 0.93 0.88
6 13 0.15 0.47
7 13 0.55 0.15
9 13 0.39 0.29
10 13 0.92 0.44
11 13 0.59 0.03
5 14 0.93 0.42
8 14 0.22 0.11
12 14 0.81 0.71
13 14 0.85 0.15
1 15 0.53 0.68
2 15 0.3 0.6
5 15 0.75 0.67
9 15 0.74 0.45
10 15 0.95 0.09
11 15 0.82 0.2
12 15 0.39 0.95
13 15 0.78 1
1 16 1 0.26
2 16 0.19 0.87
5 16 0.12 0.25
6 16 0.95 0.4
11 16 0.92 0.72
12 16 1 0.92
13 16 0.18 0.58
14 16 0.77 0.38
15 16 0.04 0.61
