1 2 0.4 0.63
1 3 0.75 0.18
2 3 0.77 0.28
1 4 0.88 0.37
3 4 0.8 0.11
1 5 0.45 0.48
2 5 0.22 0.22
1 6 0.74 0.28
2 6 0.91 0.46
3 6 0.91 0.65
3 7 0.23 0.31
5 7 0.59 0.29
6 7 0.87 0.38
3 8 0.54 0.82
4 8 0.15 0.82
6 8 0.97 0.45
7 8 0.7 0.47
2 9 0.37 0.5
5 9 0.21 0.79
6 9 0.68 0.76
2 10 0.7 0.73
9 10 0.72 0.5
6 11 0.43 0.4
7 11 0.15 0.52
8 11 0.22 0.25
9 11 0.43 0.07
10 11 0.03 0.43
1 12 0.54 0.43
6 12 0.22 0.7
7 12 0.35 0.54
8 12 0.97 0.64
11 12 0.43 0.5
6 13 0.21 0.42
7 13 0.15 0.83
9 13 0.76 0.06
10 13 0.49 0.29
11 13 0.2 0.74
5 14 0.34 0.47
8 14 0.93 0.45
12 14 0.3 0.73
13 14 0.77 0.54
1 15 0.38 0.08
2 15 0.96 0.88
5 15 0.87 0.73
9 15 0.31 0.39
10 15 0.35 0.16
11 15 0.81 0.24
12 15 0.81 0.94
13 15 0.89 0.84
1 16 0.14 0.46
2 16 0.75 0.9
5 16 0.04 0.9
6 16 0.03 0.11
11 16 0.21 0.88
12 16 0.74 0.28
13 16 0.6 0.74
14 16 0.37 0.11
15 16 0.3 0.69
