1 2 0.32 0.43
1 3 0.23 0.24
2 3 0.62 0.4
1 4 0.64 0.77
3 4 0.3 0.68
1 5 0.58 0.52
2 5 0.35 0.36
1 6 0.11 0.35
2 6 0.72 0.25
3 6 0.62 0.19
3 7 0.99 0.61
5 7 0.22 0.45
6 7 0.09 0.21
3 8 0.7 0.41
4 8 0.89 0.83
6 8 0.33 0.15
7 8 0.32 0.83
2 9 0.07 0.16
5 9 0.49 0.47
6 9 0.57 0.33
2 10 0.84 0.02
9 10 0.97 0.96
6 11 0.12 0.69
7 11 0.41 0.41
8 11 0.83 0.87
9 11 0.87 0.81
10 11 0.36 0.98
1 12 0.39 0.35
6 12 0.18 0.56
7 12 0.38 0.98
8 12 0.07 0.79
11 12 0.52 0.65
6 13 0.89 0.1
7 13 0.04 0.9
9 13 0.59 0.41
10 13 0.73 0.22
11 13 0.29 0.47
5 14 0.68 0.26
8 14 0.81 0.14
12 14 0.04 0.1
13 14 0.41 0.23
1 15 0.85 0.82
2 15 0.98 0.18
5 15 0.68 0.63
9 15 0.46 0.08
10 15 0.15 0.04
11 15 0.19 0.4
12 15 0.4 0.07
13 15 0.39 0.73
1 16 0.61 0.46
2 16 0.78 0.34
5 16 0.72 0.09
6 16 0.98 0.64
11 16 0.46 0.03
12 16 0.44 0.12
13 16 0.53 0.83
14 16 0.19 0.03
15 16 0.55 0.64
