1 2 0.8 0.2
1 3 0.13 0.56
2 3 0.49 0.56
1 4 0.35 0.05
3 4 0.47 0.61
1 5 0.17 0.43
2 5 0.71 0.97
1 6 0.18 0.41
2 6 0.91 0.39
3 6 0.6 0.99
3 7 0.76 0.58
5 7 0.79 0.97
6 7 0.61 0.9
3 8 0.99 0.33
4 8 0.98 0.88
6 8 0.81 0.25
7 8 0.1 0.64
2 9 0.83 0.72
5 9 0.47 0.93
6 9 0.24 0.85
2 10 0.54 0.89
9 10 0.14 0.93
6 11 0.07 0.97
7 11 0.5 0.84
8 11 0.09 0.28
9 11 0.3 0.72
10 11 0.94 0.95
1 12 0.54 0.7
6 12 0.75 0.54
7 12 0.83 0.97
8 12 0.59 0.58
11 12 0.79 0.51
6 13 0.31 0.01
7 13 0.33 0.07
9 13 0.65 0.24
10 13 0.3 0.07
11 13 0.36 0.55
5 14 0.43 0.39
8 14 0.96 0.41
12 14 0.23 0.3
13 14 0.28 0.57
1 15 0.85 0.22
2 15 0.09 0.62
5 15 0.12 0.18
9 15 0.85 0.77
10 15 0.34 0.54
11 15 0.18 0.44
12 15 0.24 0.84
13 15 0.49 0.23
1 16 0.76 0.06
2 16 0.3 0.2
5 16 0.95 0.07
6 16 0.47 0.63
11 16 0.15 0.06
12 16 0.95 0.09
13 16 0.12 0.81
14 16 0.3 0.26
15 16 0.16 0.37
