1 2 0.41 0.21
1 3 0.37 0.63
2 3 0.44 0.67
1 4 0.55 0.5
3 4 0.55 0.29
1 5 0.92 0.17
2 5 0.12 0.47
1 6 0.12 0.59
2 6 0.57 0.94
3 6 0.06 0.27
3 7 0.81 0.57
5 7 0.8 0.79
6 7 0.62 0.71
3 8 0.59 0.09
4 8 0.59 0.94
6 8 0.91 0.09
7 8 0.4 0.74
2 9 0.94 0.87
5 9 0.96 0.1
6 9 0.57 0.79
2 10 0.35 0.98
9 10 0.32 0.3
6 11 0.86 0.04
7 11 0.63 0.63
8 11 0.95 0.83
9 11 0.28 0.67
10 11 0.38 0.27
1 12 0.15 0.46
6 12 0.32 0.11
7 12 0.7 0.02
8 12 0.02 0.37
11 12 0.71 0.26
6 13 0.85 0.99
7 13 0.8 0.57
9 13 0.41 0.72
10 13 0.6 0.97
11 13 0.71 0.64
5 14 0.51 0.04
8 14 0.6 0.62
12 14 0.32 0.25
13 14 0.54 0.77
1 15 0.39 0.87
2 15 0.89 0.13
5 15 0.42 0.62
9 15 0.76 0.27
10 15 0.04 0.57
11 15 0.8 0.95
12 15 0.01 0.98
13 15 0.07 0.94
1 16 0.01 0.69
2 16 0.84 0.21
5 16 0.87 0.75
6 16 0.64 0.94
11 16 0.2 0.75
12 16 0.54 0.63
13 16 0.69 0.51
14 16 0.84 0.73
15 16 0.9 0.85
