138 99.06 1
64 99.03 2
116 98.87 3
95 98.45 4
122 98.3 5
15 98.26 6
53 96.83 7
25 96.74 8
77 96.64 9
134 96.26 10
26 95.49 11
1 95.29 12
92 95.15 13
4 94.17 14
63 94.08 15
16 93.49 16
12 92.84 17
139 91.63 18
3 91.6 19
71 90.45 20
98 90.04 21
23 89.31 22
46 88.8 23
36 88.14 24
68 87.81 25
128 86.56 26
100 86.16 27
38 85.53 28
131 85.28 29
119 83.9 30
27 83.62 31
44 83.07 32
5 81.29 33
91 81.14 34
49 80.75 35
101 78.36 36
72 77.42 37
75 77.08 38
58 74.87 39
56 73.94 40
35 73.9 41
94 73.54 42
74 73.47 43
52 73.31 44
59 73.2 45
114 73.18 46
41 72.37 47
39 71.72 48
83 70.48 49
70 69.94 50
7 69.33 51
54 69 52
102 69 53
90 68.96 54
61 68.17 55
17 68.16 56
109 66.14 57
51 65.28 58
69 64.71 59
107 64.42 60
115 64.21 61
19 63.81 62
88 60.64 63
22 60.26 64
112 59.36 65
10 58.32 66
8 56.21 67
6 55.08 68
43 54.8 69
111 54.46 70
60 53.95 71
13 53.51 72
127 52.73 73
120 51.89 74
47 51.81 75
48 51.38 76
9 49.86 77
37 49.57 78
82 48.46 79
118 47.73 80
121 46.81 81
140 44.76 82
124 44.44 83
130 43.8 84
108 43.65 85
42 41.46 86
79 39.98 87
137 39.34 88
57 39.23 89
106 36.89 90
86 35.96 91
89 34.58 92
133 34.37 93
62 34.28 94
81 34.19 95
113 33.21 96
132 32.06 97
126 31.95 98
24 31.18 99
55 30.86 100
33 29.38 101
31 28.88 102
40 28.67 103
50 28.21 104
45 27.8 105
84 26.41 106
65 25.86 107
103 25.66 108
14 25.49 109
32 25.23 110
105 25 111
28 24.88 112
96 23.2 113
110 21.73 114
87 20.9 115
104 20.71 116
129 20.64 117
21 19.36 118
29 18.59 119
18 18.1 120
11 17.88 121
30 17.39 122
20 16.63 123
76 16.05 124
66 15.48 125
67 14.39 126
143 12.53 127
125 12.52 128
0 12.26 129
80 12.13 130
135 11.09 131
136 10.93 132
85 10.2 133
99 8.4 134
93 8.06 135
117 7.8 136
97 7.2 137
141 6.72 138
2 4.35 139
34 4.03 140
73 2.18 141
142 1.61 142
123 1.06 143
78 0.72 144
