105 42 1
17 30 2
95 23 3
48 20 4
43 19 5
132 19 6
31 18 7
74 18 8
91 18 9
20 17 10
32 17 11
72 17 12
124 17 13
136 17 14
19 16 15
47 16 16
50 16 17
67 16 18
69 16 19
65 15 20
75 15 21
118 15 22
22 14 23
37 14 24
53 14 25
56 14 26
60 14 27
122 14 28
2 13 29
64 13 30
123 13 31
3 12 32
9 12 33
77 12 34
101 12 35
121 12 36
4 11 37
13 11 38
26 11 39
29 11 40
51 11 41
66 11 42
68 11 43
71 11 44
100 11 45
142 11 46
16 10 47
18 10 48
27 10 49
28 10 50
35 10 51
49 10 52
115 10 53
125 10 54
137 10 55
6 9 56
14 9 57
39 9 58
58 9 59
85 9 60
90 9 61
99 9 62
102 9 63
104 9 64
107 9 65
109 9 66
112 9 67
130 9 68
139 9 69
141 9 70
143 9 71
10 8 72
11 8 73
24 8 74
41 8 75
73 8 76
119 8 77
54 7 78
57 7 79
70 7 80
78 7 81
82 7 82
111 7 83
117 7 84
120 7 85
134 7 86
12 6 87
21 6 88
36 6 89
61 6 90
76 6 91
86 6 92
129 6 93
7 5 94
23 5 95
40 5 96
83 5 97
94 5 98
103 5 99
110 5 100
126 5 101
25 4 102
30 4 103
44 4 104
45 4 105
55 4 106
79 4 107
84 4 108
106 4 109
108 4 110
116 4 111
131 4 112
33 3 113
34 3 114
38 3 115
46 3 116
59 3 117
87 3 118
114 3 119
127 3 120
128 3 121
1 2 122
5 2 123
8 2 124
52 2 125
62 2 126
81 2 127
88 2 128
89 2 129
93 2 130
96 2 131
97 2 132
113 2 133
133 2 134
135 2 135
138 2 136
140 2 137
15 1 138
42 1 139
63 1 140
80 1 141
92 1 142
98 1 143
0 0 144
