105 1 1
31 0.851990578412292 2
136 0.838455354954583 3
132 0.83790883868445 4
20 0.808263481125492 5
19 0.790517913281315 6
69 0.772933060031928 7
67 0.771386053798764 8
48 0.733701985005963 9
2 0.695708346842741 10
65 0.651982391460629 11
3 0.646199789771747 12
72 0.584170548297034 13
50 0.562197641383075 14
4 0.562143006689499 15
29 0.560848243715098 16
17 0.556395200875818 17
28 0.550062784813086 18
71 0.546701925599173 19
18 0.54444603022484 20
27 0.532032672023533 21
118 0.495512321144326 22
95 0.480368725871358 23
43 0.475342146523405 24
74 0.438251871856416 25
64 0.431646695962527 26
123 0.417357211286621 27
22 0.416818024716446 28
53 0.40882226646587 29
91 0.405447920296363 30
47 0.394009740531155 31
142 0.388463292742876 32
125 0.373685141271207 33
101 0.372590308328113 34
56 0.371859724667054 35
122 0.364778239852555 36
54 0.363372540816188 37
68 0.345629232767433 38
37 0.338185263667435 39
107 0.337776893704632 40
35 0.32097028256347 41
26 0.319458553215898 42
32 0.316888457336321 43
16 0.315715995978842 44
77 0.31359280330783 45
14 0.303995247105382 46
13 0.287193472268908 47
143 0.279107125124876 48
73 0.268918022112902 49
9 0.261381859326308 50
6 0.257084750195801 51
75 0.256180477642375 52
119 0.254336878674852 53
124 0.250026526938015 54
139 0.236883814516378 55
66 0.23208858934407 56
61 0.230650683521351 57
60 0.229306406971727 58
51 0.219896447710844 59
57 0.218923274106034 60
90 0.218158506708238 61
121 0.212796154695443 62
49 0.210990396121549 63
10 0.207753905171573 64
99 0.205841787791627 65
78 0.200305550514505 66
117 0.200007721198055 67
102 0.199754118404762 68
100 0.196620644933612 69
137 0.19536488639287 70
109 0.179119543580821 71
58 0.176073016912816 72
39 0.173310233207502 73
11 0.171157500301611 74
21 0.169327768896466 75
76 0.167316541090816 76
111 0.157906360152737 77
45 0.15603702902174 78
115 0.152225936717482 79
82 0.149870999073118 80
104 0.147876935832188 81
134 0.142765712199902 82
24 0.142185145042417 83
83 0.14149151915359 84
41 0.140046908385699 85
40 0.120190745833473 86
44 0.119701639241791 87
12 0.119484674441127 88
70 0.11829749577236 89
103 0.114968058249132 90
36 0.111249715464955 91
52 0.109859400962627 92
30 0.0936188166147492 93
97 0.0935398172552296 94
112 0.091875077131904 95
55 0.087734366177375 96
94 0.0865695101573884 97
1 0.0849307194659143 98
7 0.0839398998318375 99
131 0.0802453118709696 100
108 0.0794394999146785 101
25 0.0756268828953705 102
5 0.074537289713326 103
110 0.0739160296717763 104
128 0.0722252932728752 105
38 0.0682001469966176 106
114 0.063353856054955 107
120 0.0595972787672409 108
46 0.0563264750511744 109
79 0.0557737613247598 110
135 0.0541303468516741 111
23 0.0484081242321775 112
116 0.0450446914206292 113
59 0.0440521358489184 114
62 0.0426113776730748 115
88 0.0426113776730748 116
140 0.0416686626020432 117
126 0.0365096617001488 118
106 0.0308856170218488 119
63 0.0304424091726517 120
141 0.030197295906827 121
93 0.0279789960078424 122
130 0.0257231067170483 123
8 0.0254592505879358 124
138 0.0241219538798615 125
89 0.0207430677322773 126
85 0.020084972606004 127
129 0.0195787150189581 128
87 0.0187171284610343 129
33 0.00842174871748998 130
96 0.00809680455830798 131
86 0.00764898823561716 132
80 0.00684135606163677 133
34 0.00509334614239841 134
84 0.00507180255278703 135
127 0.00454170386163465 136
133 0.00374420259793882 137
92 0.00224860168662074 138
113 0.00206517270015041 139
98 0.00191543710826118 140
15 0.00149560091131807 141
81 0.000381383994566082 142
42 2.83992545583525e-05 143
0 2.37189655086436e-17 144
