105 1942.19450093353 1
17 1110.04074770996 2
48 968.378246541756 3
91 912.899072672434 4
32 856.414580763591 5
95 758.793295552537 6
141 635.24212605796 7
22 585.328407105506 8
72 584.032526953103 9
51 520.515407457527 10
74 516.856528467783 11
120 513.513887809584 12
124 479.628600062407 13
132 478.037379753828 14
130 408.326448862905 15
43 352.88135627829 16
85 349.070997591932 17
134 336.442037964529 18
37 320.455216459423 19
47 280.540993121612 20
34 280 21
31 274.125346328412 22
112 268.226349086301 23
115 221.594978543716 24
126 221.345253237569 25
122 219.226856318357 26
111 207.702166577583 27
118 202.417388967544 28
67 192.230854019321 29
75 188.766806955605 30
53 187.887939208037 31
68 180.409836986201 32
82 167.942684243227 33
121 162.581685477054 34
100 157.963958948044 35
81 141 36
60 135.85390231621 37
136 117.516744970442 38
76 115.788828848373 39
123 115.5479344417 40
101 115.141851385892 41
64 114.214661309032 42
50 111.26377922642 43
9 104.715273331137 44
102 103.567378491616 45
65 103.310100823154 46
77 101.944576697146 47
69 101.571298200238 48
56 100.133764450674 49
26 97.3129702678821 50
107 96.6210766018756 51
128 96.3565170467024 52
90 89.9422416966764 53
137 87.632853138838 54
10 84.512900567048 55
99 83.8580483691487 56
78 83.1032984019618 57
20 72.9234081943395 58
19 69.9230702570246 59
109 67.1192652153439 60
142 67.005754682277 61
23 66.4835749682077 62
41 58.7108194949087 63
66 56.1982064757936 64
16 53.0433720335597 65
129 52.8852412917019 66
125 49.105307717519 67
36 48.2099593548162 68
58 44.4068974703984 69
44 37.942447984592 70
2 37.6181136266311 71
39 37.5340768818103 72
86 37.1083094761164 73
94 35.9155796907118 74
104 35.5510823551263 75
35 34.7467308127216 76
13 34.5334538426103 77
24 33.8254066640498 78
11 33.4028158987909 79
139 29.0196247552486 80
70 27.0763329352107 81
57 26.2758091918838 82
116 25.7045508038575 83
38 25.0559476639461 84
14 24.9951070938603 85
21 24.2515735187277 86
6 22.0932158841517 87
110 20.9957645895567 88
117 20.0510464859853 89
143 19.8769802779978 90
18 19.5985911953122 91
103 18.9932356405668 92
27 18.8585177166326 93
108 18.4757331919288 94
30 18.1074655575306 95
83 17.319426372173 96
49 15.0045611089651 97
28 13.1172997573593 98
55 12.9204036159919 99
4 12.5029134358146 100
73 12.1528924550196 101
40 11.6352830460247 102
7 11.1517952454334 103
96 11.023088023088 104
29 10.0724066969029 105
106 9.21685516174647 106
79 7.8064929222824 107
61 7.76905121022768 108
119 7.2758191984501 109
3 6.79545641411129 110
12 6.67268271996532 111
59 6.30905283501191 112
97 4.08249368855713 113
71 3.98498313819723 114
33 3.75 115
1 3.34465374155777 116
114 2.36443677334957 117
45 1.7785865714745 118
46 1.5984126984127 119
131 1.20846375846376 120
87 1.03333333333333 121
140 0.870634920634921 122
89 0.7 123
84 0.533333333333333 124
25 0.458333333333333 125
0 0 126
5 0 127
8 0 128
15 0 129
42 0 130
52 0 131
54 0 132
62 0 133
63 0 134
80 0 135
88 0 136
92 0 137
93 0 138
98 0 139
113 0 140
127 0 141
133 0 142
135 0 143
138 0 144
